0:
##.
.##
..#

1:
###
.#.
###

2:
.##
##.
###

3:
###
#.#
#.#

4:
.##
.##
###

5:
###
.##
..#

46x47: 56 62 53 42 59 62
47x43: 46 50 44 62 60 47
41x40: 22 19 28 29 43 27
48x42: 40 42 40 28 42 32
40x42: 27 35 28 35 25 31
36x40: 31 37 30 33 52 37
44x37: 43 49 37 35 45 42
48x45: 73 45 56 51 60 52
46x49: 64 59 64 68 48 44
49x36: 28 31 34 30 31 37
35x35: 23 21 28 11 18 19
50x40: 57 44 58 57 46 47
49x41: 71 44 43 59 45 53
45x38: 41 41 47 42 39 54
36x46: 44 40 37 48 36 52
37x49: 46 56 46 48 44 38
43x45: 52 47 48 50 57 44
49x48: 44 38 45 44 40 45
35x49: 46 45 45 39 38 53
44x46: 31 39 34 20 40 45
39x41: 30 26 33 29 24 26
46x47: 53 38 37 28 33 36
38x46: 50 36 46 40 47 53
37x46: 48 33 42 48 50 42
40x50: 43 49 35 31 30 20
47x36: 25 32 36 31 24 31
40x42: 34 23 32 37 35 21
36x38: 21 27 27 25 24 20
49x45: 43 40 35 36 41 44
43x38: 34 45 38 43 43 47
39x39: 32 22 22 38 25 29
41x43: 35 36 34 27 24 26
48x36: 30 30 27 36 29 39
47x43: 26 40 34 40 32 37
37x48: 29 30 37 24 29 43
49x44: 38 42 31 36 37 40
49x36: 45 44 47 44 51 40
35x42: 22 26 28 25 23 29
45x49: 46 51 57 56 68 59
50x45: 54 61 50 68 52 61
35x40: 26 25 23 25 23 21
47x35: 27 26 34 24 29 24
43x39: 42 42 46 39 45 44
38x37: 21 29 23 19 25 26
37x42: 41 45 33 46 40 34
38x50: 44 52 44 56 41 55
37x48: 38 40 28 24 29 33
43x43: 32 31 30 40 28 34
48x36: 26 29 31 33 36 36
39x50: 43 36 36 27 24 41
41x48: 28 39 28 33 34 46
50x42: 34 36 34 48 34 38
50x50: 51 38 43 41 40 43
35x41: 41 37 30 34 38 43
40x42: 27 22 28 44 28 32
42x45: 33 44 31 31 35 36
41x35: 21 22 22 25 27 25
46x49: 40 35 39 41 41 43
47x36: 33 24 39 27 30 27
44x45: 28 29 38 37 33 44
48x36: 54 39 39 55 38 44
36x43: 26 35 26 23 33 24
45x40: 39 29 39 31 30 27
42x47: 44 35 22 40 35 33
35x39: 21 22 27 20 27 25
40x50: 25 39 42 34 36 31
48x47: 37 41 31 47 44 39
44x47: 53 57 59 54 46 49
38x35: 15 16 35 24 16 26
50x36: 45 48 44 52 41 47
49x35: 31 37 23 35 24 25
39x39: 32 33 31 22 26 25
39x50: 47 36 47 51 58 62
46x42: 48 62 52 39 54 41
44x47: 27 29 31 40 38 45
40x37: 16 30 25 28 27 29
50x47: 64 60 40 63 74 62
50x35: 26 30 24 34 30 31
49x37: 36 29 36 28 34 28
48x48: 45 34 49 46 44 38
50x50: 63 65 62 65 70 59
36x35: 21 16 24 19 30 22
35x39: 20 22 28 24 26 22
37x39: 14 27 34 34 24 23
41x42: 29 31 32 32 26 32
43x45: 56 41 57 54 47 44
38x41: 28 22 27 24 25 29
44x49: 56 58 60 37 55 68
43x40: 34 26 24 37 37 24
37x43: 50 43 30 45 38 42
42x49: 53 35 56 53 61 60
40x44: 49 51 52 37 45 37
36x42: 40 41 39 29 35 51
41x46: 46 46 55 43 55 44
37x45: 48 49 40 51 26 44
37x48: 36 29 34 28 32 32
45x50: 50 59 60 56 56 64
37x46: 44 42 33 53 49 41
40x50: 63 47 45 55 53 48
36x37: 25 18 17 28 28 27
41x47: 49 48 59 50 50 39
48x37: 19 43 42 27 36 24
36x40: 19 31 26 24 30 25
36x47: 39 31 22 35 26 27
38x35: 22 26 20 25 26 12
38x45: 39 30 22 32 31 26
43x37: 42 47 48 30 41 37
35x41: 26 26 32 20 23 15
39x36: 37 32 28 41 45 33
36x39: 29 23 27 34 19 23
49x35: 36 41 45 49 45 46
42x42: 25 45 36 35 23 31
35x38: 35 30 41 38 28 33
48x37: 47 41 49 43 59 33
45x42: 37 38 34 34 39 27
49x40: 54 49 57 40 45 59
42x50: 32 41 46 34 34 37
50x39: 37 41 36 28 21 44
45x35: 38 37 38 45 44 40
37x49: 27 39 36 27 28 34
39x46: 45 44 44 49 55 38
38x39: 24 30 31 22 25 23
45x41: 44 42 52 57 47 40
38x46: 24 28 32 26 33 37
36x37: 22 26 30 24 21 20
46x36: 45 42 47 34 49 38
42x41: 32 30 32 19 31 38
47x40: 27 31 35 41 34 27
39x44: 36 39 26 24 30 27
39x45: 29 34 40 31 34 27
40x35: 24 27 24 17 26 24
40x48: 30 25 38 46 33 35
45x42: 30 27 38 38 33 44
40x39: 23 30 31 28 35 22
45x46: 35 34 38 30 46 41
35x48: 51 46 38 48 41 36
42x48: 34 45 33 41 37 34
49x37: 49 52 36 49 46 48
38x43: 27 21 25 30 30 34
48x36: 32 36 36 32 23 33
43x48: 46 26 33 39 40 39
38x36: 36 29 36 38 36 36
37x47: 46 39 42 45 46 51
49x43: 46 26 39 44 40 28
50x47: 54 37 41 34 42 32
42x44: 44 43 60 51 42 43
37x45: 31 30 32 30 29 27
47x44: 53 54 56 56 56 42
39x49: 31 40 25 33 37 41
50x40: 43 43 49 55 62 54
43x47: 51 47 51 57 59 45
44x39: 32 29 33 35 28 25
41x41: 28 23 32 25 36 25
43x47: 33 32 33 34 34 44
37x47: 31 28 27 30 34 30
40x37: 34 42 28 48 43 31
43x37: 28 33 27 21 30 28
44x40: 29 26 28 32 34 32
44x47: 48 30 45 27 35 25
49x47: 67 46 50 52 69 75
45x40: 34 35 24 29 37 36
42x37: 34 26 25 25 31 27
41x41: 27 29 29 27 23 33
50x46: 39 41 33 43 38 45
50x47: 44 42 40 44 42 28
48x38: 34 36 31 35 22 34
41x47: 32 37 25 21 43 36
40x40: 36 40 45 38 40 47
43x44: 30 22 43 39 30 31
48x48: 46 45 49 46 39 31
49x46: 47 38 47 34 35 39
44x46: 35 38 47 30 31 29
48x38: 35 27 30 39 26 34
40x46: 34 31 31 33 31 35
50x36: 50 45 47 42 45 50
40x47: 50 45 47 55 51 41
40x38: 26 27 20 25 31 27
36x45: 38 46 46 38 49 30
48x36: 25 31 28 31 39 37
42x46: 50 45 50 49 53 51
35x45: 42 37 32 44 42 47
39x38: 33 19 23 32 18 30
41x38: 16 18 29 28 31 34
37x36: 33 27 30 41 40 34
49x36: 39 49 41 39 51 52
44x39: 33 19 26 40 33 31
50x46: 36 44 27 34 55 43
42x49: 42 29 31 47 39 35
43x35: 52 42 42 30 35 34
42x49: 46 58 59 58 48 45
37x40: 31 26 51 44 37 37
47x39: 38 25 40 31 37 24
43x50: 45 52 55 54 61 62
39x50: 40 43 33 37 23 32
47x49: 43 38 34 45 34 46
45x41: 42 48 48 50 50 44
43x49: 32 37 43 39 36 36
39x47: 44 46 44 56 53 37
39x45: 37 36 23 30 39 30
42x39: 34 32 30 25 28 33
45x39: 35 38 37 27 37 21
38x38: 23 25 26 29 25 16
41x50: 47 53 53 51 51 60
46x37: 34 31 28 29 30 28
40x38: 26 27 31 24 28 20
39x36: 22 23 30 30 31 19
37x37: 30 32 38 36 34 40
39x35: 26 20 21 24 25 27
41x47: 34 39 21 39 27 34
38x49: 29 41 35 22 34 30
47x36: 42 44 43 45 45 41
42x44: 37 39 29 29 28 33
43x46: 57 55 54 49 42 49
40x45: 40 28 31 22 34 40
50x41: 40 37 27 26 40 38
49x46: 46 37 30 37 49 41
46x39: 41 35 33 29 27 29
37x48: 53 42 49 43 41 48
41x36: 38 32 28 22 16 19
38x37: 46 33 37 33 37 33
47x45: 40 36 34 45 34 35
39x46: 43 42 52 37 46 57
46x47: 49 58 49 46 50 83
39x48: 40 34 25 37 39 33
36x43: 38 52 39 38 42 27
44x39: 38 55 47 43 44 34
37x35: 27 28 18 22 17 20
38x35: 13 26 19 30 20 24
37x35: 32 35 27 35 39 31
35x44: 20 29 18 35 28 23
46x43: 33 34 34 37 32 39
37x44: 46 44 41 33 41 48
37x43: 35 37 45 43 46 37
44x36: 31 20 26 29 33 28
37x37: 18 25 24 26 26 25
41x44: 28 37 19 35 33 30
47x47: 40 37 44 37 34 33
40x50: 44 50 59 47 61 44
40x48: 41 32 29 44 36 26
47x41: 27 40 29 35 35 28
44x35: 23 40 26 23 24 18
48x47: 62 67 46 63 62 47
39x41: 18 31 32 33 29 26
42x37: 33 22 32 25 23 32
45x39: 27 28 40 37 34 29
45x50: 36 44 40 34 42 44
50x41: 41 34 41 27 30 35
44x37: 46 41 44 33 52 35
48x40: 47 41 52 50 51 55
49x43: 43 37 39 41 37 26
49x42: 52 75 52 40 55 41
49x41: 50 50 49 45 64 51
37x41: 40 31 35 40 43 46
48x42: 48 31 31 35 34 45
37x50: 30 37 30 32 34 28
49x50: 43 52 39 36 37 48
35x48: 55 38 45 34 53 36
50x38: 47 46 49 49 47 55
40x44: 25 38 33 30 29 26
37x35: 18 25 23 18 25 23
42x49: 45 35 35 29 26 54
48x38: 44 59 53 32 41 52
45x49: 41 36 37 32 41 53
45x37: 46 40 40 44 46 41
36x44: 21 35 24 30 27 31
36x48: 32 26 41 33 31 29
41x44: 25 26 34 32 31 33
41x41: 24 29 30 27 30 28
42x50: 44 58 45 55 61 58
39x50: 48 51 51 49 48 53
45x48: 36 34 42 49 36 42
44x50: 33 30 43 47 39 31
39x39: 34 43 32 33 46 46
47x45: 53 48 53 62 52 58
38x42: 22 34 26 23 34 29
38x45: 29 28 30 32 37 23
35x42: 30 33 38 38 43 43
44x48: 53 52 62 58 52 47
44x39: 27 36 41 24 23 30
40x39: 32 25 38 28 18 27
49x49: 40 49 46 41 39 40
38x37: 34 34 34 41 44 28
38x46: 38 46 53 43 43 44
42x35: 19 21 22 38 28 26
36x40: 29 15 36 23 20 32
46x39: 32 48 43 40 53 58
50x44: 62 53 62 52 57 54
49x43: 52 49 48 57 51 69
48x45: 53 55 63 51 53 57
39x36: 29 30 29 22 26 20
41x41: 32 30 21 30 20 36
40x48: 39 34 31 34 28 41
40x48: 27 35 29 32 40 45
48x37: 29 32 24 35 36 35
44x49: 35 35 39 38 42 35
45x44: 59 53 48 49 49 49
46x47: 62 59 50 55 52 57
49x38: 33 42 29 25 30 33
50x35: 35 32 25 23 29 31
46x42: 51 56 52 40 48 51
46x43: 59 49 48 48 52 51
48x36: 23 37 35 36 34 26
41x47: 21 32 31 32 38 40
46x45: 40 36 40 34 40 34
36x36: 30 22 28 23 18 23
45x41: 47 59 39 51 47 40
37x37: 30 41 31 36 39 32
44x46: 42 61 59 52 43 52
36x40: 26 37 26 21 19 27
39x35: 26 32 38 45 31 36
47x42: 39 26 25 47 36 36
35x45: 34 57 46 34 35 34
48x43: 44 43 29 34 37 37
50x35: 38 50 50 47 42 40
38x42: 53 35 36 31 48 47
38x35: 20 22 20 27 16 26
44x42: 38 42 49 58 48 47
38x50: 36 26 34 31 35 29
37x38: 38 37 32 35 40 35
45x41: 37 53 42 48 49 53
37x36: 29 24 19 22 25 25
50x47: 38 30 39 40 44 49
37x47: 22 29 35 35 32 27
49x49: 32 45 53 41 37 47
35x47: 35 47 49 42 44 33
49x46: 48 43 33 34 42 39
35x45: 30 27 29 24 29 26
49x37: 39 23 31 37 25 37
40x48: 32 41 29 39 30 37
38x41: 24 26 24 30 31 20
46x48: 45 43 41 31 33 46
44x37: 44 45 43 39 36 45
50x36: 28 29 39 44 27 25
50x42: 48 61 51 45 49 70
45x35: 47 49 34 36 41 37
35x48: 27 31 28 32 26 32
39x45: 41 44 52 44 44 44
44x46: 46 53 50 41 63 58
49x48: 38 39 61 41 38 38
35x40: 39 34 28 33 43 40
37x41: 27 26 26 23 30 24
39x37: 22 29 26 22 32 25
47x35: 38 43 40 40 44 48
49x38: 39 18 33 35 34 33
46x41: 33 60 53 47 40 54
39x38: 28 23 28 24 26 27
37x42: 35 26 23 23 33 27
50x45: 62 53 59 51 62 61
47x40: 35 28 37 40 20 35
38x49: 33 33 26 34 29 37
37x35: 18 24 25 21 19 24
44x38: 27 28 26 32 31 24
50x41: 52 51 55 49 53 56
48x35: 35 47 39 45 39 53
42x49: 38 44 43 32 40 26
46x42: 35 24 40 37 32 41
43x46: 37 39 24 41 39 29
38x43: 41 44 37 40 49 40
37x43: 45 40 48 41 28 45
49x49: 47 38 52 48 35 36
40x38: 36 25 23 19 29 24
40x36: 23 29 38 23 25 18
42x43: 30 37 22 39 34 33
49x48: 62 66 57 58 58 62
50x41: 55 44 58 52 52 56
49x45: 35 33 38 44 45 44
35x43: 41 45 34 37 40 35
42x42: 51 42 42 41 55 42
45x41: 30 28 35 33 39 29
50x45: 41 39 48 45 38 29
41x47: 33 38 38 35 26 24
42x44: 43 50 59 39 52 39
40x44: 28 29 41 23 30 30
40x35: 35 34 42 41 25 39
36x41: 21 37 34 14 26 23
40x44: 53 39 40 52 47 42
40x37: 43 31 41 30 42 43
48x35: 38 48 43 48 40 40
45x50: 56 64 54 58 56 58
47x47: 39 30 34 44 38 40
43x35: 30 25 30 32 19 18
37x37: 42 39 30 29 31 43
48x39: 36 32 36 40 37 26
41x42: 39 32 28 28 23 32
36x48: 48 41 51 30 48 50
43x42: 39 60 46 41 45 45
42x35: 24 28 29 22 25 26
40x42: 41 51 45 37 48 35
49x47: 33 51 50 31 47 27
35x40: 27 23 25 28 20 20
41x40: 27 22 32 30 31 26
43x42: 39 53 37 54 40 54
44x45: 32 24 38 43 36 37
43x50: 38 37 44 32 42 31
36x36: 39 38 43 27 24 30
42x38: 34 18 25 30 37 24
38x42: 40 39 49 40 33 45
50x49: 46 41 37 43 41 48
35x43: 30 23 21 25 30 25
47x44: 31 32 28 35 44 40
39x41: 25 26 35 30 23 30
47x46: 41 44 33 38 39 29
44x37: 32 28 31 27 26 23
39x45: 36 26 39 31 36 26
47x47: 61 57 59 41 64 60
45x44: 33 48 53 59 54 53
42x47: 52 62 53 36 54 47
37x48: 49 51 40 38 42 56
35x40: 21 30 21 27 24 19
48x43: 33 35 32 42 42 39
40x36: 29 28 28 26 19 25
47x44: 37 61 50 59 60 46
48x37: 36 55 50 44 46 39
44x40: 41 27 29 22 30 33
37x39: 26 20 22 24 31 32
37x43: 30 48 45 47 36 35
37x37: 34 37 32 30 46 31
37x45: 31 27 35 26 38 22
39x36: 29 26 19 35 24 23
41x36: 28 16 31 26 37 18
37x37: 28 22 18 20 25 31
46x45: 40 59 54 68 47 46
39x36: 30 23 31 24 27 21
44x44: 35 28 33 29 35 35
35x44: 40 42 49 37 39 29
49x35: 33 33 28 30 35 17
45x47: 46 52 61 57 56 51
47x43: 40 30 35 45 27 32
41x45: 31 32 36 31 37 28
39x37: 35 42 36 32 37 40
42x49: 52 55 57 51 46 56
42x39: 29 34 22 41 23 33
35x36: 23 21 26 22 19 20
48x39: 36 38 40 27 30 37
49x39: 48 53 45 52 47 49
39x36: 30 34 31 38 43 39
48x43: 42 37 32 44 31 37
43x49: 68 59 49 50 46 57
40x41: 24 28 26 27 31 33
43x38: 25 23 29 26 31 33
43x49: 41 32 34 45 44 27
47x50: 35 43 45 32 32 53
46x41: 58 43 54 51 45 41
40x39: 30 25 25 30 24 35
48x40: 51 47 54 42 48 55
46x47: 59 53 49 54 56 64
40x35: 25 26 26 25 21 19
36x43: 25 26 27 30 37 23
44x43: 29 43 23 37 34 30
43x49: 26 41 25 46 49 36
39x49: 45 52 47 54 42 54
47x46: 44 42 27 34 37 41
48x37: 32 42 30 31 29 28
36x50: 30 30 38 26 34 34
45x48: 48 46 48 61 68 60
44x35: 31 24 24 17 25 32
49x47: 54 64 57 62 57 59
40x38: 25 31 20 23 29 28
39x38: 37 38 47 46 29 30
47x43: 29 29 55 26 43 27
37x48: 45 35 52 58 41 42
47x38: 27 28 26 30 35 34
35x40: 23 22 33 22 16 27
50x42: 80 47 47 43 65 48
43x36: 34 40 40 36 40 48
49x35: 25 30 17 32 37 34
36x49: 36 31 24 29 40 32
45x45: 40 39 36 40 39 31
46x40: 55 45 45 49 54 36
41x49: 53 54 39 55 49 61
37x38: 27 27 15 25 22 28
40x45: 44 24 26 35 34 31
43x45: 57 56 47 41 50 49
37x43: 50 42 41 47 30 37
42x41: 25 28 35 36 29 28
41x50: 34 32 27 30 38 47
41x44: 20 37 30 29 35 31
48x37: 49 51 49 40 42 43
45x41: 38 62 46 45 39 52
50x46: 36 38 45 34 46 40
42x44: 49 37 50 49 46 55
40x49: 47 42 59 59 50 43
41x42: 32 25 24 43 26 31
42x37: 44 37 45 42 35 37
44x41: 38 22 41 31 26 24
36x48: 38 47 51 45 42 41
39x39: 36 44 43 25 42 44
44x35: 23 26 27 30 22 25
48x39: 35 62 47 37 60 43
48x35: 28 30 27 27 28 36
47x45: 66 53 45 59 45 62
42x46: 36 47 62 43 59 46
45x43: 51 46 31 54 75 40
41x39: 28 26 28 32 24 31
40x42: 35 20 31 22 39 34
42x44: 42 53 50 45 47 46
49x37: 42 32 42 54 55 54
39x49: 30 42 26 34 34 42
47x36: 32 31 26 35 26 30
41x47: 37 37 25 30 33 32
41x50: 55 51 58 47 56 49
38x38: 21 31 23 23 21 25
47x37: 27 30 28 27 34 34
44x39: 40 52 47 47 35 42
39x47: 54 49 55 36 50 39
37x47: 52 40 37 53 50 37
43x36: 36 34 43 32 44 50
40x45: 28 30 31 45 35 25
50x43: 58 56 54 58 51 55
46x35: 42 21 25 28 16 32
37x42: 23 35 32 27 28 23
49x35: 31 24 34 27 23 36
49x42: 35 34 34 42 38 40
37x38: 44 36 27 39 37 36
38x45: 37 23 31 30 23 35
47x42: 48 43 57 50 51 55
40x44: 48 39 49 45 45 46
50x48: 61 54 62 50 70 74
38x38: 36 34 41 35 45 30
41x50: 54 54 54 55 47 52
41x39: 26 31 42 21 21 28
47x42: 31 35 44 39 32 28
40x50: 48 55 47 56 49 52
36x48: 37 42 40 45 51 50
46x43: 58 41 51 55 56 45
45x49: 47 36 37 31 41 47
41x35: 25 21 26 24 23 23
35x42: 39 44 38 30 37 39
45x35: 48 47 38 37 38 36
46x36: 14 25 32 40 34 34
45x50: 71 56 55 51 61 56
41x38: 34 42 33 42 48 39
47x37: 45 39 47 44 48 45
48x38: 26 42 34 41 25 23
43x43: 51 46 50 53 44 41
35x38: 18 22 24 17 19 32
39x37: 26 25 25 31 19 30
46x43: 50 52 48 59 52 42
40x49: 36 33 28 37 37 37
40x38: 20 27 26 23 25 34
50x40: 31 37 29 31 41 38
46x37: 31 25 23 31 32 38
38x37: 43 32 33 36 41 33
49x47: 54 60 44 76 66 52
47x50: 53 52 69 66 57 63
43x50: 47 57 51 45 66 64
39x47: 33 27 38 28 33 36
44x46: 36 33 39 33 40 28
38x47: 41 58 42 49 43 40
38x39: 27 26 22 24 27 30
40x45: 48 35 46 43 59 47
47x48: 38 47 46 46 31 31
45x50: 36 40 44 45 36 39
40x37: 21 24 34 18 33 26
50x46: 43 42 43 30 33 49
37x35: 33 35 24 37 41 29
44x40: 17 35 34 30 35 30
36x37: 36 44 31 37 27 30
37x38: 26 23 24 15 29 27
41x38: 28 48 41 41 37 42
37x44: 20 29 39 27 26 26
45x49: 24 40 51 45 37 42
38x48: 57 48 42 46 43 48
43x36: 28 42 55 35 36 39
35x46: 25 24 33 27 24 32
43x37: 29 19 17 34 36 33
47x48: 37 42 40 47 37 37
40x49: 27 27 36 42 32 44
43x43: 31 31 37 39 34 23
41x50: 41 34 34 31 36 31
38x47: 38 48 48 38 60 40
47x41: 28 34 33 33 41 26
38x44: 23 30 23 27 35 30
35x49: 39 24 34 31 27 21
42x39: 30 36 51 55 34 43
36x43: 40 44 41 44 34 35
35x44: 43 29 44 43 40 39
43x37: 23 17 29 36 29 33
42x43: 34 36 35 31 32 28
50x40: 33 35 41 26 37 36
47x43: 44 40 24 31 41 30
41x38: 18 28 40 25 19 25
45x35: 30 26 21 29 23 36
44x45: 30 35 34 40 41 30
48x37: 29 21 32 38 35 37
36x35: 27 31 39 36 31 28
42x35: 36 39 37 40 37 37
46x45: 41 34 32 38 37 43
45x37: 42 38 50 41 49 35
41x38: 24 28 25 27 29 23
50x48: 42 45 36 44 40 48
36x49: 25 24 36 48 21 37
39x41: 34 28 33 25 23 25
42x46: 38 44 42 30 33 23
43x39: 39 31 29 24 28 31
36x36: 24 32 32 40 37 32
44x35: 57 29 37 41 41 37
48x44: 38 39 38 29 43 37
43x45: 42 46 34 23 28 37
37x48: 30 24 38 34 30 36
41x38: 36 30 45 45 47 35
49x50: 54 65 60 71 71 52
38x43: 25 32 25 25 31 30
36x44: 29 44 40 33 47 49
49x48: 45 44 38 39 38 52
40x44: 37 30 30 29 25 31
39x50: 46 44 56 53 40 62
37x36: 41 35 32 31 36 32
36x42: 37 36 36 42 39 43
45x43: 33 36 28 39 42 32
43x41: 30 31 32 34 28 26
46x47: 29 37 40 42 44 32
50x39: 42 32 37 33 27 37
45x47: 38 40 38 41 32 35
49x41: 33 41 31 37 32 33
43x47: 36 40 24 29 38 42
49x44: 36 34 28 38 44 43
37x42: 45 35 42 34 44 41
39x42: 32 29 56 38 50 45
36x47: 40 46 38 40 45 52
37x38: 12 27 23 23 23 35
48x40: 59 41 43 53 55 47
43x45: 52 39 47 53 49 60
46x38: 22 34 35 34 30 24
44x44: 38 38 36 25 28 31
35x41: 30 28 29 46 39 49
45x50: 52 45 58 63 73 53
48x38: 46 47 36 50 54 48
41x47: 63 43 60 35 48 52
38x38: 19 26 26 21 24 27
45x39: 47 45 53 38 42 46
40x38: 22 26 29 31 27 21
47x36: 41 49 35 43 49 43
47x35: 31 25 25 39 33 11
37x38: 38 31 41 31 35 42
46x35: 22 29 33 31 21 29
37x49: 54 41 49 52 47 37
48x35: 29 24 26 28 38 31
50x38: 50 46 42 53 53 49
40x48: 33 31 34 31 39 39
47x39: 34 33 17 27 45 39
37x37: 36 40 33 31 37 34
41x49: 32 39 36 41 25 35
41x40: 32 26 19 35 31 26
35x35: 21 16 13 22 24 24
50x44: 32 38 39 43 41 30
48x41: 33 30 30 42 40 33
49x41: 50 49 56 53 49 52
46x40: 34 29 33 32 38 29
47x47: 54 52 58 56 58 62
36x43: 39 22 23 29 29 26
40x36: 35 24 45 36 45 36
43x46: 38 36 31 31 32 41
50x36: 49 49 45 40 49 46
47x40: 48 38 50 40 61 53
35x40: 30 28 19 22 21 22
38x46: 45 46 55 45 41 36
46x41: 36 29 35 32 32 31
43x45: 25 31 39 28 47 39
50x44: 29 46 35 35 38 40
36x45: 29 30 49 45 44 50
41x39: 42 54 33 41 34 43
36x35: 38 36 29 32 34 26
35x46: 23 39 23 29 23 27
43x38: 33 39 54 38 37 49
48x36: 44 47 46 43 43 43
37x48: 46 49 45 47 46 40
43x39: 34 31 27 28 31 31
35x42: 19 24 24 30 31 26
37x46: 47 44 41 38 45 49
41x43: 38 44 48 45 45 50
46x50: 59 54 56 71 55 59
46x45: 61 53 53 46 55 53
46x36: 47 39 46 48 36 40
35x46: 23 29 23 32 24 33
48x50: 39 43 37 39 45 53
36x49: 50 41 46 45 47 44
39x50: 46 51 48 45 60 49
48x47: 45 43 35 48 34 35
37x46: 53 45 38 57 39 31
39x40: 24 30 27 32 26 30
42x38: 25 32 28 31 29 22
39x47: 50 48 42 43 49 52
44x39: 43 39 59 41 37 45
45x40: 38 45 50 40 50 53
37x50: 42 45 57 51 36 53
43x43: 58 48 38 49 46 49
39x46: 46 49 36 42 47 58
35x37: 26 39 31 31 35 36
47x48: 47 40 38 47 32 36
50x49: 65 62 73 61 64 51
37x44: 26 27 28 30 24 33
35x36: 25 23 16 24 27 17
49x39: 38 32 34 33 31 39
42x37: 45 32 39 39 39 48
49x47: 38 43 29 43 41 45
48x36: 44 38 54 43 48 38
43x49: 40 29 30 35 42 48
41x50: 40 24 39 37 38 30
38x44: 23 22 27 27 28 41
35x38: 17 22 27 22 17 27
45x40: 35 24 34 37 34 31
39x40: 33 28 19 28 36 24
38x38: 45 38 38 31 34 39
35x41: 39 42 42 31 29 39
38x46: 32 54 44 40 49 47
50x40: 37 20 49 36 30 36
45x36: 24 31 31 37 33 24
36x40: 32 41 44 33 31 40
44x36: 27 30 29 39 14 28
35x50: 27 29 28 25 32 34
49x44: 66 58 51 52 54 54
40x37: 17 29 27 30 31 21
46x47: 40 47 40 38 36 23
46x45: 37 44 28 42 33 40
47x50: 68 57 42 71 67 59
39x45: 42 50 49 51 35 42
35x41: 24 18 22 28 32 19
43x38: 31 31 25 34 19 28
43x50: 41 42 28 42 41 29
39x45: 26 36 35 31 32 34
48x49: 71 60 54 59 67 53
35x46: 45 43 43 43 33 42
35x47: 24 32 42 24 25 18
42x40: 42 38 50 39 43 47
46x39: 56 41 41 49 46 46
38x42: 32 23 18 30 41 23
39x40: 40 37 44 39 37 44
40x44: 31 28 36 30 25 32
47x41: 33 38 26 34 41 23
50x44: 34 43 27 46 38 35
41x37: 44 36 40 39 43 32
45x41: 32 30 34 33 32 33
37x39: 21 29 30 29 25 22
35x39: 27 25 21 26 17 27
48x35: 29 27 38 20 39 22
36x48: 42 37 58 42 46 40
41x43: 21 33 27 42 30 28
44x40: 44 45 42 47 47 46
49x38: 28 30 30 40 34 29
47x35: 35 41 25 21 18 25
41x39: 24 21 36 31 25 32
37x40: 40 36 33 38 40 42
42x44: 23 32 36 37 33 34
46x39: 20 33 39 38 30 35
38x42: 32 30 29 27 28 22
44x40: 49 38 47 52 42 44
37x49: 39 35 31 17 40 30
37x49: 32 25 38 34 36 26
41x45: 40 48 55 48 44 47
44x35: 35 40 34 42 38 48
50x35: 27 32 31 24 30 31
47x47: 39 43 33 32 43 35
45x50: 37 45 42 41 40 34
49x48: 66 55 60 60 62 61
44x50: 44 31 37 35 43 33
37x40: 41 31 37 39 47 33
46x48: 38 42 50 34 37 39
44x35: 23 29 15 26 33 28
46x47: 48 35 32 39 46 25
37x40: 24 24 27 34 25 22
46x36: 33 47 46 44 48 33
46x40: 45 34 31 35 25 25
50x50: 66 60 60 60 77 62
37x44: 33 46 44 41 45 39
40x46: 49 51 49 44 44 47
47x39: 48 43 40 60 47 44
48x45: 34 35 43 38 45 45
49x44: 38 45 29 44 32 35
38x49: 43 50 53 48 46 45
43x40: 52 43 44 54 30 44
35x46: 21 38 27 20 34 24
41x40: 39 48 39 42 45 38
39x46: 29 31 37 46 20 32
47x49: 52 46 74 73 58 48
43x40: 27 30 28 27 37 32
49x35: 40 44 49 46 39 45
39x39: 26 36 17 29 37 23
42x38: 25 33 24 35 25 26
41x49: 41 30 45 30 33 29
46x50: 59 40 71 53 68 64
45x42: 61 45 41 50 48 50
40x50: 30 37 36 47 22 35
39x38: 29 29 30 19 27 21
45x50: 71 62 49 70 47 50
49x43: 42 40 32 34 37 39
40x41: 33 41 32 22 21 19
39x36: 33 28 24 24 28 19
38x43: 45 41 48 40 41 37
40x46: 43 59 44 33 52 52
43x36: 53 38 36 47 31 37
35x49: 45 45 52 33 43 47
47x39: 46 52 59 34 39 53
35x38: 28 24 27 17 18 18
35x40: 24 19 33 26 18 22
40x40: 25 32 28 35 28 20
41x48: 25 33 37 43 31 39
48x49: 46 39 43 43 44 41
35x46: 35 52 42 40 37 40
39x45: 34 55 44 48 42 44
43x50: 50 40 31 40 37 26
47x44: 36 48 36 35 31 24
50x48: 71 56 58 61 65 61
44x35: 29 28 31 22 17 26
47x40: 32 30 37 30 27 39
45x47: 39 33 35 47 37 33
42x37: 39 35 47 38 41 39
38x43: 50 37 39 41 51 35
35x41: 28 27 20 20 23 24
41x45: 38 48 50 50 51 44
49x43: 42 42 28 51 33 28
49x50: 69 68 68 61 50 63
39x36: 33 24 36 24 17 21
48x35: 46 46 51 37 45 33
39x41: 43 38 41 38 44 43
44x46: 54 41 49 46 59 65
43x37: 20 42 23 27 33 22
46x35: 26 16 35 33 29 25
46x40: 34 27 28 37 31 38
36x45: 34 41 43 47 30 54
37x36: 19 24 25 25 25 26
45x37: 45 39 45 50 42 35
46x39: 23 30 40 36 34 32
44x46: 36 64 53 55 43 57
36x46: 30 42 43 52 46 38
35x41: 37 42 32 37 42 30
50x35: 30 35 28 33 20 30
39x35: 26 18 27 30 24 18
35x35: 13 21 25 24 15 22
50x46: 36 40 44 33 46 40
40x40: 33 30 35 28 23 20
41x36: 27 26 27 24 26 25
35x43: 40 47 33 33 43 36
41x49: 33 46 33 32 24 40
39x35: 39 36 46 29 29 32
37x39: 18 35 24 35 21 22
39x37: 31 22 23 29 32 19
36x38: 29 26 24 24 20 20
35x44: 25 24 37 26 28 14
45x45: 35 31 35 39 44 41
48x42: 44 34 38 31 36 40
40x43: 46 48 45 44 47 34
43x47: 51 44 61 52 57 45
43x40: 32 43 52 38 48 49
42x39: 34 29 34 24 30 30
50x48: 52 43 39 51 31 39
48x42: 40 39 41 34 33 37
48x47: 46 41 37 37 34 44
45x50: 45 37 39 38 37 44
38x36: 46 30 25 34 38 42
49x42: 62 49 58 53 42 56
36x48: 42 51 36 45 44 48
47x46: 30 42 37 31 42 42
39x45: 39 44 45 51 53 35
42x39: 34 35 37 21 27 28
48x36: 37 38 24 29 29 34
41x45: 47 48 51 46 56 34
45x46: 44 36 42 29 38 36
48x40: 59 40 54 54 44 47
49x47: 36 41 41 40 41 40
42x40: 45 38 52 39 44 41
40x47: 37 39 24 34 38 23
43x47: 36 27 40 36 42 28
43x41: 38 36 28 20 35 24
46x43: 53 56 43 60 49 43
42x42: 47 47 44 48 41 45
39x38: 35 37 44 33 25 56
39x37: 45 37 33 32 38 40
38x40: 38 40 39 46 38 32
48x48: 49 58 61 65 60 59
42x43: 36 29 29 38 31 32
50x50: 48 42 44 55 37 29
40x48: 39 38 37 28 26 39
46x35: 30 27 28 28 30 22
37x47: 31 58 45 47 32 52
42x40: 36 44 40 49 42 46
39x41: 37 26 26 31 25 24
47x47: 46 62 55 46 60 70
44x50: 63 59 53 48 59 59
37x36: 25 24 27 24 28 15
38x42: 32 41 51 39 41 39
35x38: 17 22 20 20 29 23
39x39: 35 30 17 30 30 27
46x39: 41 50 52 40 39 54
35x49: 27 26 26 35 35 26
39x47: 35 39 31 30 28 32
39x43: 45 34 38 55 48 38
37x49: 33 38 29 29 33 30
49x45: 32 42 45 47 31 43
44x40: 45 47 47 47 34 52
45x50: 47 25 48 42 41 37
36x35: 22 21 26 22 17 23
37x42: 37 25 21 21 33 31
46x43: 32 41 41 29 35 32
46x37: 28 27 35 25 30 35
42x41: 29 32 30 25 33 33
44x41: 28 36 27 27 29 34
38x43: 45 47 39 42 41 38
45x42: 37 37 34 31 43 27
48x45: 65 52 49 46 59 66
42x39: 31 29 27 33 35 27
43x44: 45 53 46 38 57 52
49x49: 40 36 42 42 43 52
39x48: 31 30 41 43 31 31
36x42: 39 35 32 39 42 47
45x45: 58 38 54 58 50 56
48x48: 70 51 63 61 48 66
40x48: 47 45 46 57 58 41
44x48: 46 35 45 26 29 43
39x38: 25 33 28 20 24 25
36x38: 21 24 18 26 31 23
45x46: 57 66 61 52 36 47
49x40: 52 50 52 42 58 48
35x44: 27 32 23 22 23 26
39x42: 31 30 24 29 33 34
40x35: 16 19 23 27 24 33
38x44: 30 21 26 20 36 35
37x39: 39 29 50 29 38 38
35x50: 30 28 22 37 32 27
50x42: 35 38 43 40 32 35
49x40: 48 49 48 59 47 50
50x49: 43 38 48 46 43 37
40x44: 37 32 26 30 31 26
38x35: 20 23 27 17 25 20
38x40: 37 36 40 41 38 42
43x39: 35 50 37 43 43 49
40x37: 28 45 32 43 41 36
47x35: 27 25 34 22 28 28
44x38: 20 25 43 23 27 30
50x48: 53 43 37 42 46 35
50x39: 29 37 35 32 38 36
44x39: 45 45 45 42 46 41
41x45: 33 36 38 26 37 25
49x47: 29 39 54 41 35 41
41x37: 30 37 50 34 43 37
48x35: 29 32 27 34 34 20
42x50: 55 51 60 47 55 56
49x45: 40 41 38 44 39 37
47x47: 66 50 57 65 47 58
43x38: 37 41 46 41 46 39
37x46: 42 51 41 48 39 40
35x49: 28 31 37 27 20 33
45x45: 36 42 42 27 44 33
37x43: 27 30 32 35 22 22
44x39: 45 48 38 44 49 40
45x39: 37 52 45 48 46 39
49x37: 33 21 31 40 34 33
43x47: 37 32 40 26 43 31
39x35: 33 45 26 27 47 31
40x36: 38 20 25 22 27 24
39x48: 42 51 43 53 47 51
41x43: 32 37 27 25 24 36
44x49: 39 45 33 30 41 35
45x39: 53 51 44 39 45 40
37x46: 34 47 50 46 47 34
48x50: 41 49 41 40 39 46
48x49: 61 63 54 56 58 72
48x49: 47 47 32 43 45 41
46x49: 36 42 40 45 41 35
44x41: 31 38 40 21 26 26
35x50: 37 29 28 27 28 26
50x43: 35 29 39 38 43 39
45x44: 41 33 36 27 34 38
48x40: 26 34 35 39 33 41
37x39: 26 24 26 26 32 21
41x44: 42 44 40 47 61 42
50x48: 64 53 69 64 54 67
43x49: 39 42 39 41 33 29
42x43: 49 42 49 47 40 53
45x49: 36 46 42 34 35 47
39x40: 27 34 22 26 32 28
44x49: 24 37 43 33 41 46
42x37: 28 30 18 29 39 24
49x50: 41 41 43 43 45 42
49x37: 39 40 46 60 46 46
38x38: 29 18 27 26 26 18
42x48: 41 40 37 42 30 34
46x48: 45 65 60 68 52 45
37x41: 19 26 29 26 27 28
49x47: 43 30 42 46 28 50
37x44: 22 26 26 25 30 39
48x36: 31 35 20 37 39 30
43x44: 41 32 32 31 33 26
45x39: 36 21 31 35 39 33
35x48: 46 43 48 40 36 47
43x43: 35 65 41 49 44 47
43x41: 48 33 46 43 48 56
49x40: 57 50 56 46 42 53
44x46: 44 49 61 57 54 43
48x48: 49 37 43 40 40 47
46x37: 41 44 44 46 40 47
49x39: 41 31 31 34 33 37
46x37: 31 31 26 28 33 30
39x46: 42 19 32 33 23 46
37x39: 44 29 42 35 38 36
48x42: 48 60 39 57 57 48
41x42: 31 28 31 37 29 26
49x48: 40 48 45 42 41 39
40x45: 23 32 32 33 43 32
45x37: 35 37 18 36 26 28